441 300 20
440 339 20
499 230 20
530 237 20
535 199 20
530 237 20
533 241 20
499 230 20
501 231 20
533 241 20
535 203 20
533 241 20
530 237 20
501 231 20
530 237 20
535 203 20
503 232 20
530 237 20
535 207 20
530 237 20
527 233 20
503 232 20
527 233 20
535 207 20
505 233 20
535 207 20
505 233 20
527 233 20
535 203 20
527 233 20
524 229 20
505 233 20
524 229 20
535 203 20
503 232 20
524 229 20
535 199 20
524 229 20
521 225 20
503 232 20
521 225 20
535 199 20
501 231 20
521 225 20
535 195 20
521 225 20
518 221 20
501 231 20
518 221 20
535 195 20
499 230 20
518 221 20
499 230 20
519 251 20
535 191 20
518 221 20
515 217 20
499 230 20
515 217 20
535 191 20
515 217 20
519 251 20
518 254 20
499 230 20
518 254 20
515 217 20
497 229 20
515 217 20
497 229 20
518 254 20
535 187 20
515 217 20
512 213 20
497 229 20
512 213 20
535 187 20
519 251 20
497 229 20
519 251 20
512 213 20
495 228 20
512 213 20
495 228 20
519 251 20
535 183 20
512 213 20
515 217 20
495 228 20
515 217 20
535 183 20
515 217 20
519 251 20
520 248 20
495 228 20
520 248 20
515 217 20
493 227 20
515 217 20
493 227 20
520 248 20
512 213 20
493 227 20
512 213 20
520 248 20
521 245 20
493 227 20
521 245 20
512 213 20
491 226 20
512 213 20
491 226 20
521 245 20
509 209 20
491 226 20
509 209 20
521 245 20
522 242 20
491 226 20
522 242 20
509 209 20
489 225 20
509 209 20
489 225 20
522 242 20
506 205 20
489 225 20
521 245 20
489 225 20
487 224 20
506 205 20
487 224 20
521 245 20
503 201 20
487 224 20
489 225 20
503 201 20
489 225 20
520 248 20
500 197 20
489 225 20
521 245 20
489 225 20
521 245 20
533 264 20
534 263 20
521 245 20
491 226 20
500 197 20
491 226 20
521 245 20
497 193 20
491 226 20
522 242 20
491 226 20
522 242 20
534 263 20
535 262 20
522 242 20
493 227 20
497 193 20
493 227 20
522 242 20
494 189 20
493 227 20
523 239 20
493 227 20
523 239 20
535 262 20
536 261 20
523 239 20
495 228 20
494 189 20
495 228 20
523 239 20
524 236 20
495 228 20
524 236 20
536 261 20
537 260 20
524 236 20
493 227 20
524 236 20
525 233 20
493 227 20
525 233 20
537 260 20
538 259 20
525 233 20
491 226 20
525 233 20
526 230 20
491 226 20
526 230 20
538 259 20
539 258 20
526 230 20
489 225 20
526 230 20
527 227 20
489 225 20
527 227 20
539 258 20
540 257 20
527 227 20
526 230 20
487 224 20
526 230 20
540 257 20
541 256 20
526 230 20
489 225 20
526 230 20
525 233 20
489 225 20
525 233 20
541 256 20
542 255 20
525 233 20
491 226 20
525 233 20
524 236 20
491 226 20
524 236 20
542 255 20
543 254 20
524 236 20
493 227 20
524 236 20
523 239 20
493 227 20
523 239 20
543 254 20
544 253 20
523 239 20
495 228 20
523 239 20
522 242 20
495 228 20
522 242 20
544 253 20
545 252 20
522 242 20
497 229 20
522 242 20
521 245 20
497 229 20
521 245 20
545 252 20
546 251 20
521 245 20
499 230 20
521 245 20
520 248 20
499 230 20
520 248 20
546 251 20
547 250 20
520 248 20
501 231 20
520 248 20
519 251 20
501 231 20
519 251 20
547 250 20
548 249 20
519 251 20
503 232 20
519 251 20
518 254 20
503 232 20
518 254 20
548 249 20
549 248 20
518 254 20
505 233 20
518 254 20
517 257 20
505 233 20
517 257 20
549 248 20
550 247 20
517 257 20
507 234 20
517 257 20
516 260 20
507 234 20
516 260 20
550 247 20
551 246 20
516 260 20
509 235 20
516 260 20
515 263 20
509 235 20
515 263 20
551 246 20
511 236 20
515 263 20
516 260 20
511 236 20
516 260 20
552 245 20
551 246 20
516 260 20
513 237 20
516 260 20
513 237 20
551 246 20
517 257 20
513 237 20
517 257 20
551 246 20
552 245 20
513 237 20
552 245 20
517 257 20
515 238 20
517 257 20
515 238 20
552 245 20
518 254 20
515 238 20
518 254 20
552 245 20
553 244 20
515 238 20
553 244 20
518 254 20
517 239 20
518 254 20
517 239 20
553 244 20
519 251 20
517 239 20
519 251 20
553 244 20
554 243 20
517 239 20
554 243 20
519 251 20
519 240 20
519 251 20
519 240 20
554 243 20
520 248 20
519 240 20
520 248 20
554 243 20
555 242 20
519 240 20
555 242 20
520 248 20
521 241 20
520 248 20
521 241 20
555 242 20
521 245 20
521 241 20
521 245 20
555 242 20
556 241 20
521 241 20
556 241 20
521 245 20
523 242 20
521 245 20
523 242 20
556 241 20
522 242 20
523 242 20
522 242 20
556 241 20
557 240 20
523 242 20
557 240 20
522 242 20
525 243 20
522 242 20
525 243 20
557 240 20
523 239 20
525 243 20
523 239 20
557 240 20
558 239 20
525 243 20
558 239 20
523 239 20
527 244 20
523 239 20
527 244 20
558 239 20
524 236 20
527 244 20
524 236 20
558 239 20
559 238 20
527 244 20
559 238 20
524 236 20
529 245 20
524 236 20
529 245 20
559 238 20
525 233 20
529 245 20
525 233 20
559 238 20
560 237 20
529 245 20
560 237 20
525 233 20
531 246 20
525 233 20
531 246 20
560 237 20
526 230 20
531 246 20
526 230 20
560 237 20
561 236 20
531 246 20
561 236 20
526 230 20
533 247 20
526 230 20
533 247 20
561 236 20
527 227 20
533 247 20
527 227 20
561 236 20
562 235 20
533 247 20
562 235 20
527 227 20
535 248 20
527 227 20
535 248 20
562 235 20
528 224 20
535 248 20
528 224 20
562 235 20
563 234 20
535 248 20
563 234 20
528 224 20
537 249 20
528 224 20
537 249 20
563 234 20
529 221 20
537 249 20
529 221 20
563 234 20
564 233 20
537 249 20
564 233 20
529 221 20
539 250 20
529 221 20
539 250 20
564 233 20
530 218 20
539 250 20
530 218 20
564 233 20
565 232 20
539 250 20
565 232 20
530 218 20
541 251 20
530 218 20
541 251 20
565 232 20
531 215 20
541 251 20
531 215 20
565 232 20
566 231 20
541 251 20
566 231 20
531 215 20
543 252 20
531 215 20
543 252 20
566 231 20
532 212 20
566 231 20
567 230 20
543 252 20
567 230 20
532 212 20
541 251 20
567 230 20
533 209 20
567 230 20
568 229 20
541 251 20
539 250 20
568 229 20
532 212 20
539 250 20
532 212 20
568 229 20
567 230 20
539 250 20
567 230 20
532 212 20
541 251 20
567 230 20
533 209 20
567 230 20
566 231 20
541 251 20
566 231 20
533 209 20
543 252 20
566 231 20
567 230 20
543 252 20
545 253 20
567 230 20
568 229 20
545 253 20
547 254 20
568 229 20
569 228 20
547 254 20
549 255 20
569 228 20
570 227 20
549 255 20
551 256 20
570 227 20
571 226 20
551 256 20
553 257 20
571 226 20
572 225 20
553 257 20
555 258 20
572 225 20
573 224 20
555 258 20
557 259 20
573 224 20
574 223 20
557 259 20
559 260 20
574 223 20
535 99 20
560 128 20
559 131 20
535 99 20
535 103 20
559 131 20
558 134 20
535 103 20
535 107 20
558 134 20
557 137 20
535 107 20
535 111 20
557 137 20
556 140 20
535 111 20
535 115 20
556 140 20
555 143 20
535 115 20
535 119 20
555 143 20
554 146 20
535 119 20
535 123 20
554 146 20
553 149 20
535 123 20
535 127 20
553 149 20
552 152 20
535 127 20
535 131 20
552 152 20
551 155 20
535 131 20
535 135 20
551 155 20
550 158 20
535 135 20
535 139 20
550 158 20
549 161 20
535 139 20
535 143 20
549 161 20
548 164 20
535 143 20
535 147 20
548 164 20
547 167 20
535 147 20
535 151 20
547 167 20
546 170 20
535 151 20
535 155 20
546 170 20
545 173 20
535 155 20
535 159 20
545 173 20
544 176 20
535 159 20
535 163 20
544 176 20
543 179 20
535 163 20
535 167 20
543 179 20
542 182 20
535 167 20
535 171 20
542 182 20
541 185 20
535 171 20
535 175 20
541 185 20
540 188 20
535 175 20
535 179 20
540 188 20
539 191 20
535 179 20
535 183 20
539 191 20
538 194 20
535 183 20
535 187 20
538 194 20
537 197 20
535 187 20
535 191 20
537 197 20
536 200 20
535 191 20
535 195 20
536 200 20
535 203 20
535 195 20
142 261 20
142 223 20
535 199 20
535 203 20
534 206 20
535 199 20
145 225 20
142 261 20
145 257 20
145 225 20
535 203 20
534 206 20
533 209 20
535 203 20
148 227 20
145 257 20
148 253 20
148 227 20
535 207 20
533 209 20
532 212 20
535 207 20
151 229 20
148 253 20
151 249 20
151 229 20
535 211 20
532 212 20
531 215 20
535 211 20
154 231 20
151 249 20
192 268 26
151 249 20
148 253 20
154 231 20
535 215 20
531 215 20
530 218 20
535 215 20
157 233 20
148 253 20
145 257 20
157 233 20
535 219 20
530 218 20
529 221 20
535 219 20
160 235 20
145 257 20
142 261 20
160 235 20
535 223 20
529 221 20
528 224 20
535 223 20
163 237 20
142 261 20
139 265 20
163 237 20
535 227 20
528 224 20
527 227 20
535 227 20
166 239 20
139 265 20
572 231 20
535 227 20
535 223 20
572 231 20
535 223 20
527 227 20
526 230 20
535 223 20
568 227 20
535 223 20
535 219 20
568 227 20
535 219 20
526 230 20
525 233 20
535 219 20
564 223 20
535 219 20
535 215 20
564 223 20
535 215 20
525 233 20
524 236 20
535 215 20
560 219 20
535 215 20
560 219 20
524 236 20
535 211 20
560 219 20
535 211 20
524 236 20
525 233 20
560 219 20
525 233 20
535 211 20
556 215 20
535 211 20
556 215 20
525 233 20
535 207 20
556 215 20
535 207 20
525 233 20
526 230 20
556 215 20
526 230 20
535 207 20
552 211 20
535 207 20
552 211 20
526 230 20
535 203 20
552 211 20
535 203 20
526 230 20
527 227 20
552 211 20
527 227 20
535 203 20
552 211 20
535 203 20
552 211 20
527 227 20
535 203 20
552 211 20
535 203 20
527 227 20
527 227 20
552 211 20
527 227 20
535 203 20
552 211 20
535 203 20
552 211 20
527 227 20
535 203 20
552 211 20
535 203 20
527 227 20
527 227 20
552 211 20
527 227 20
535 203 20
552 211 20
535 203 20
552 211 20
527 227 20
535 203 20
552 211 20
535 203 20
527 227 20
527 227 20
552 211 20
527 227 20
535 203 20
552 211 20
535 203 20
552 211 20
527 227 20
535 203 20
552 211 20
535 203 20
527 227 20
527 227 20
552 211 20
527 227 20
535 203 20
552 211 20
535 203 20
552 211 20
527 227 20
535 203 20
552 211 20
535 203 20
527 227 20
527 227 20
552 211 20
527 227 20
535 203 20
552 211 20
535 203 20
552 211 20
527 227 20
535 203 20
552 211 20
535 203 20
527 227 20
527 227 20
552 211 20
527 227 20
535 203 20
552 211 20
535 203 20
552 211 20
527 227 20
535 203 20
552 211 20
535 203 20
527 227 20
527 227 20
552 211 20
527 227 20
535 203 20
552 211 20
535 203 20
552 211 20
527 227 20
535 203 20
552 211 20
535 203 20
527 227 20
527 227 20
552 211 20
527 227 20
535 203 20
552 211 20
535 203 20
552 211 20
527 227 20
535 203 20
552 211 20
535 203 20
527 227 20
527 227 20
552 211 20
527 227 20
535 203 20
552 211 20
535 203 20
552 211 20
527 227 20
535 203 20
552 211 20
535 203 20
527 227 20
527 227 20
552 211 20
527 227 20
535 203 20
552 211 20
535 203 20
552 211 20
527 227 20
535 203 20
552 211 20
535 203 20
527 227 20
527 227 20
552 211 20
527 227 20
535 203 20
552 211 20
535 203 20
552 211 20
527 227 20
535 203 20
552 211 20
535 203 20
527 227 20
527 227 20
552 211 20
527 227 20
535 203 20
552 211 20
535 203 20
552 211 20
527 227 20
535 203 20
552 211 20
535 203 20
527 227 20
527 227 20
552 211 20
527 227 20
535 203 20
552 211 20
535 203 20
552 211 20
527 227 20
535 203 20
552 211 20
535 203 20
527 227 20
527 227 20
552 211 20
527 227 20
535 203 20
552 211 20
535 203 20
552 211 20
527 227 20
535 203 20
552 211 20
535 203 20
527 227 20
527 227 20
552 211 20
527 227 20
535 203 20
552 211 20
535 203 20
552 211 20
527 227 20
535 203 20
552 211 20
535 203 20
527 227 20
527 227 20
552 211 20
527 227 20
535 203 20
552 211 20
535 203 20
552 211 20
527 227 20
535 203 20
552 211 20
535 203 20
527 227 20
527 227 20
552 211 20
527 227 20
535 203 20
552 211 20
535 203 20
552 211 20
527 227 20
535 203 20
552 211 20
535 203 20
527 227 20
527 227 20
552 211 20
527 227 20
535 203 20
552 211 20
535 203 20
552 211 20
527 227 20
535 203 20
552 211 20
535 203 20
527 227 20
527 227 20
552 211 20
527 227 20
535 203 20
552 211 20
535 203 20
552 211 20
527 227 20
535 203 20
552 211 20
535 203 20
527 227 20
527 227 20
552 211 20
527 227 20
535 203 20
552 213 20
535 203 20
552 213 20
527 227 20
539 207 20
552 213 20
539 207 20
527 227 20
530 231 20
552 213 20
530 231 20
539 207 20
552 215 20
539 207 20
552 215 20
530 231 20
543 211 20
552 215 20
543 211 20
530 231 20
533 235 20
552 215 20
533 235 20
543 211 20
552 217 20
543 211 20
552 217 20
533 235 20
547 215 20
552 217 20
547 215 20
533 235 20
536 239 20
552 217 20
536 239 20
547 215 20
552 219 20
547 215 20
552 219 20
536 239 20
551 219 20
552 219 20
551 219 20
536 239 20
539 243 20
552 219 20
539 243 20
551 219 20
552 221 20
551 219 20
552 221 20
539 243 20
555 223 20
552 221 20
555 223 20
539 243 20
542 247 20
552 221 20
542 247 20
555 223 20
552 223 20
555 223 20
552 223 20
542 247 20
559 227 20
552 223 20
559 227 20
542 247 20
545 251 20
552 223 20
545 251 20
559 227 20
552 225 20
559 227 20
552 225 20
545 251 20
563 231 20
552 225 20
563 231 20
545 251 20
548 255 20
552 225 20
548 255 20
563 231 20
552 227 20
563 231 20
552 227 20
548 255 20
567 235 20
552 227 20
567 235 20
548 255 20
551 259 20
552 227 20
551 259 20
567 235 20
552 227 20
567 235 20
552 227 20
551 259 20
567 235 20
552 227 20
567 235 20
551 259 20
551 259 20
552 227 20
551 259 20
567 235 20
552 227 20
567 235 20
552 227 20
551 259 20
567 235 20
552 227 20
567 235 20
551 259 20
551 259 20
552 227 20
551 259 20
567 235 20
552 227 20
567 235 20
552 227 20
551 259 20
567 235 20
552 227 20
567 235 20
551 259 20
551 259 20
552 227 20
551 259 20
567 235 20
552 227 20
567 235 20
552 227 20
551 259 20
567 235 20
552 227 20
567 235 20
551 259 20
551 259 20
552 227 20
551 259 20
567 235 20
552 227 20
567 235 20
552 227 20
551 259 20
567 235 20
552 227 20
567 235 20
551 259 20
551 259 20
552 227 20
551 259 20
567 235 20
552 227 20
567 235 20
552 227 20
551 259 20
567 235 20
552 227 20
567 235 20
551 259 20
551 259 20
552 227 20
551 259 20
567 235 20
489 248 20
522 263 20
522 264 20
489 248 20
493 250 20
522 264 20
522 265 20
493 250 20
497 252 20
522 265 20
522 266 20
497 252 20
501 254 20
522 266 20
501 254 20
504 253 20
522 267 20
501 254 20
522 267 20
504 253 20
504 255 20
501 254 20
504 255 20
522 267 20
505 256 20
522 267 20
505 256 20
504 255 20
522 268 20
505 256 20
522 268 20
504 255 20
504 257 20
505 256 20
504 257 20
522 268 20
509 258 20
522 268 20
509 258 20
504 257 20
522 269 20
509 258 20
522 269 20
504 257 20
504 259 20
509 258 20
504 259 20
522 269 20
513 260 20
522 269 20
513 260 20
504 259 20
522 270 20
513 260 20
522 270 20
504 259 20
504 261 20
513 260 20
504 261 20
522 270 20
517 262 20
522 270 20
517 262 20
504 261 20
522 271 20
517 262 20
522 271 20
504 261 20
504 263 20
517 262 20
504 263 20
522 271 20
521 264 20
522 271 20
521 264 20
504 263 20
522 272 20
521 264 20
522 272 20
504 263 20
504 265 20
521 264 20
504 265 20
522 272 20
525 266 20
522 272 20
525 266 20
504 265 20
522 273 20
525 266 20
522 273 20
504 265 20
504 267 20
525 266 20
504 267 20
522 273 20
529 268 20
522 273 20
529 268 20
504 267 20
522 274 20
529 268 20
522 274 20
504 267 20
504 269 20
529 268 20
504 269 20
522 274 20
533 270 20
522 274 20
533 270 20
504 269 20
522 275 20
533 270 20
522 275 20
504 269 20
504 271 20
533 270 20
504 271 20
522 275 20
537 272 20
522 275 20
537 272 20
504 271 20
522 276 20
537 272 20
522 276 20
504 271 20
504 273 20
537 272 20
504 273 20
522 276 20
541 274 20
522 276 20
541 274 20
504 273 20
522 277 20
541 274 20
522 277 20
504 273 20
504 275 20
541 274 20
504 275 20
522 277 20
545 276 20
522 277 20
522 278 20
545 276 20
522 278 20
504 275 20
504 273 20
522 278 20
549 278 20
522 278 20
522 279 20
549 278 20
522 279 20
504 273 20
504 271 20
522 279 20
553 280 20
522 279 20
522 280 20
553 280 20
522 280 20
504 271 20
504 269 20
522 280 20
557 282 20
522 280 20
522 281 20
557 282 20
522 281 20
504 269 20
504 267 20
522 281 20
561 284 20
522 281 20
522 282 20
561 284 20
522 282 20
504 267 20
504 265 20
522 282 20
522 281 20
504 265 20
504 263 20
522 281 20
522 280 20
504 263 20
504 261 20
522 280 20
522 279 20
504 261 20
504 259 20
522 279 20
522 278 20
504 259 20
504 257 20
522 278 20
522 277 20
504 257 20
504 255 20
522 277 20
522 276 20
504 255 20
504 253 20
522 276 20
522 275 20
504 253 20
504 251 20
522 275 20
522 275 20
504 251 20
504 251 20
522 275 20
522 275 20
504 251 20
504 251 20
522 275 20
522 275 20
504 251 20
504 251 20
522 275 20
522 275 20
504 251 20
504 251 20
522 275 20
522 275 20
504 251 20
504 251 20
522 275 20
522 275 20
504 251 20
504 251 20
522 275 20
522 275 20
504 251 20
504 251 20
522 275 20
441 321 20
465 345 20
467 345 20
441 321 20
438 318 20
467 345 20
441 321 20
469 345 20
467 345 20
441 321 20
444 324 20
467 345 20
465 345 20
444 324 20
447 327 20
465 345 20
463 345 20
447 327 20
450 330 20
463 345 20
461 345 20
450 330 20
453 333 20
461 345 20
459 345 20
453 333 20
456 336 20
459 345 20
457 345 20
456 336 20
459 339 20
457 345 20
455 345 20
459 339 20
462 342 20
455 345 20
453 345 20
462 342 20
465 345 20
453 345 20
451 345 20
465 345 20
468 348 20
451 345 20
449 345 20
468 348 20
471 351 20
449 345 20
447 345 20
471 351 20
555 274 20
573 294 20
577 294 20
555 274 20
474 354 20
447 345 20
445 345 20
474 354 20
553 271 20
577 294 20
581 294 20
553 271 20
477 357 20
445 345 20
443 345 20
477 357 20
551 268 20
581 294 20
480 360 20
443 345 20
553 271 20
585 294 20
581 294 20
553 271 20
477 357 20
441 345 20
443 345 20
477 357 20
555 274 20
581 294 20
577 294 20
555 274 20
474 354 20
443 345 20
445 345 20
474 354 20
557 277 20
577 294 20
573 294 20
557 277 20
471 351 20
445 345 20
447 345 20
471 351 20
559 280 20
573 294 20
569 294 20
559 280 20
468 348 20
447 345 20
449 345 20
468 348 20
561 283 20
569 294 20
565 294 20
561 283 20
465 345 20
449 345 20
451 345 20
465 345 20
563 286 20
565 294 20
561 294 20
563 286 20
462 342 20
451 345 20
453 345 20
462 342 20
565 289 20
561 294 20
557 294 20
565 289 20
459 339 20
453 345 20
455 345 20
459 339 20
567 292 20
557 294 20
553 294 20
567 292 20
456 336 20
455 345 20
457 345 20
456 336 20
569 295 20
553 294 20
549 294 20
569 295 20
453 333 20
457 345 20
459 345 20
453 333 20
571 298 20
549 294 20
545 294 20
571 298 20
450 330 20
459 345 20
461 345 20
450 330 20
573 301 20
545 294 20
541 294 20
573 301 20
447 327 20
461 345 20
463 345 20
447 327 20
575 304 20
541 294 20
537 294 20
575 304 20
444 324 20
463 345 20
465 345 20
444 324 20
541 294 20
577 307 20
441 321 20
465 345 20
467 345 20
441 321 20
575 304 20
541 294 20
545 294 20
575 304 20
438 318 20
467 345 20
573 301 20
545 294 20
549 294 20
573 301 20
441 321 20
469 345 20
467 345 20
441 321 20
571 298 20
549 294 20
553 294 20
571 298 20
444 324 20
467 345 20
465 345 20
444 324 20
569 295 20
553 294 20
557 294 20
569 295 20
447 327 20
465 345 20
463 345 20
447 327 20
567 292 20
557 294 20
561 294 20
567 292 20
450 330 20
463 345 20
461 345 20
450 330 20
565 289 20
561 294 20
565 294 20
565 289 20
453 333 20
461 345 20
459 345 20
453 333 20
563 286 20
565 294 20
569 294 20
563 286 20
456 336 20
459 345 20
457 345 20
456 336 20
561 283 20
569 294 20
573 294 20
561 283 20
459 339 20
457 345 20
455 345 20
459 339 20
559 280 20
573 294 20
577 294 20
559 280 20
462 342 20
455 345 20
453 345 20
462 342 20
557 277 20
577 294 20
581 294 20
557 277 20
465 345 20
453 345 20
451 345 20
465 345 20
555 274 20
581 294 20
585 294 20
555 274 20
468 348 20
451 345 20
449 345 20
468 348 20
553 271 20
585 294 20
471 351 20
449 345 20
447 345 20
471 351 20
555 274 20
589 294 20
585 294 20
555 274 20
474 354 20
447 345 20
445 345 20
474 354 20
557 277 20
585 294 20
581 294 20
557 277 20
477 357 20
445 345 20
443 345 20
477 357 20
559 280 20
581 294 20
577 294 20
559 280 20
480 360 20
443 345 20
561 283 20
577 294 20
573 294 20
561 283 20
477 357 20
441 345 20
443 345 20
477 357 20
563 286 20
573 294 20
569 294 20
563 286 20
474 354 20
443 345 20
445 345 20
474 354 20
565 289 20
569 294 20
565 294 20
565 289 20
471 351 20
445 345 20
447 345 20
471 351 20
567 292 20
565 294 20
561 294 20
567 292 20
468 348 20
447 345 20
449 345 20
468 348 20
569 295 20
561 294 20
557 294 20
569 295 20
465 345 20
449 345 20
451 345 20
465 345 20
571 298 20
557 294 20
553 294 20
571 298 20
462 342 20
451 345 20
453 345 20
462 342 20
573 301 20
553 294 20
549 294 20
573 301 20
459 339 20
453 345 20
455 345 20
459 339 20
575 304 20
549 294 20
545 294 20
575 304 20
456 336 20
455 345 20
457 345 20
456 336 20
577 307 20
545 294 20
541 294 20
577 307 20
453 333 20
457 345 20
459 345 20
453 333 20
545 294 20
579 310 20
450 330 20
459 345 20
461 345 20
450 330 20
577 307 20
545 294 20
549 294 20
577 307 20
447 327 20
461 345 20
463 345 20
447 327 20
575 304 20
549 294 20
553 294 20
575 304 20
444 324 20
463 345 20
465 345 20
444 324 20
573 301 20
553 294 20
557 294 20
573 301 20
441 321 20
465 345 20
467 345 20
441 321 20
571 298 20
557 294 20
561 294 20
571 298 20
438 318 20
467 345 20
569 295 20
561 294 20
565 294 20
569 295 20
441 321 20
469 345 20
467 345 20
441 321 20
567 292 20
565 294 20
569 294 20
567 292 20
444 324 20
467 345 20
465 345 20
444 324 20
565 289 20
569 294 20
573 294 20
565 289 20
447 327 20
465 345 20
463 345 20
447 327 20
563 286 20
573 294 20
577 294 20
563 286 20
450 330 20
463 345 20
461 345 20
450 330 20
561 283 20
577 294 20
581 294 20
561 283 20
453 333 20
461 345 20
459 345 20
453 333 20
559 280 20
581 294 20
585 294 20
559 280 20
456 336 20
459 345 20
457 345 20
456 336 20
557 277 20
585 294 20
589 294 20
557 277 20
459 339 20
457 345 20
455 345 20
459 339 20
555 274 20
589 294 20
462 342 20
455 345 20
453 345 20
462 342 20
557 277 20
593 294 20
589 294 20
557 277 20
465 345 20
453 345 20
451 345 20
465 345 20
559 280 20
589 294 20
585 294 20
559 280 20
468 348 20
451 345 20
449 345 20
468 348 20
561 283 20
585 294 20
581 294 20
561 283 20
471 351 20
449 345 20
447 345 20
471 351 20
563 286 20
581 294 20
577 294 20
563 286 20
474 354 20
447 345 20
445 345 20
474 354 20
565 289 20
577 294 20
573 294 20
565 289 20
477 357 20
445 345 20
443 345 20
477 357 20
567 292 20
573 294 20
569 294 20
567 292 20
480 360 20
443 345 20
569 295 20
569 294 20
565 294 20
569 295 20
477 357 20
441 345 20
443 345 20
477 357 20
571 298 20
565 294 20
561 294 20
571 298 20
474 354 20
443 345 20
445 345 20
474 354 20
573 301 20
561 294 20
557 294 20
573 301 20
471 351 20
445 345 20
447 345 20
471 351 20
575 304 20
557 294 20
553 294 20
575 304 20
468 348 20
447 345 20
449 345 20
468 348 20
577 307 20
553 294 20
549 294 20
577 307 20
465 345 20
449 345 20
451 345 20
465 345 20
579 310 20
549 294 20
545 294 20
579 310 20
462 342 20
451 345 20
453 345 20
462 342 20
549 294 20
581 313 20
459 339 20
453 345 20
455 345 20
459 339 20
579 310 20
549 294 20
553 294 20
579 310 20
456 336 20
455 345 20
457 345 20
456 336 20
577 307 20
553 294 20
557 294 20
577 307 20
453 333 20
457 345 20
459 345 20
453 333 20
575 304 20
557 294 20
575 304 20
584 265 35
561 294 20
575 304 20
561 294 20
584 265 35
584 262 35
575 304 20
584 262 35
561 294 20
450 330 20
459 345 20
461 345 20
450 330 20
573 301 20
561 294 20
573 301 20
584 262 35
565 294 20
573 301 20
565 294 20
584 262 35
584 259 35
573 301 20
584 259 35
565 294 20
447 327 20
461 345 20
463 345 20
447 327 20
571 298 20
565 294 20
571 298 20
584 259 35
569 294 20
571 298 20
569 294 20
584 259 35
584 256 35
571 298 20
584 256 35
569 294 20
444 324 20
463 345 20
465 345 20
444 324 20
569 295 20
569 294 20
569 295 20
584 256 35
573 294 20
569 295 20
573 294 20
584 256 35
584 253 35
569 295 20
584 253 35
573 294 20
441 321 20
465 345 20
467 345 20
441 321 20
567 292 20
573 294 20
567 292 20
584 253 35
577 294 20
567 292 20
577 294 20
584 253 35
584 250 35
567 292 20
584 250 35
577 294 20
438 318 20
467 345 20
565 289 20
577 294 20
565 289 20
584 250 35
581 294 20
565 289 20
581 294 20
584 250 35
584 247 35
565 289 20
584 247 35
581 294 20
441 321 20
469 345 20
467 345 20
441 321 20
563 286 20
581 294 20
563 286 20
584 247 35
585 294 20
563 286 20
585 294 20
584 247 35
584 244 35
563 286 20
584 244 35
585 294 20
444 324 20
467 345 20
465 345 20
444 324 20
561 283 20
585 294 20
561 283 20
584 244 35
589 294 20
561 283 20
589 294 20
584 244 35
584 241 35
561 283 20
584 241 35
589 294 20
447 327 20
465 345 20
463 345 20
447 327 20
559 280 20
589 294 20
559 280 20
584 241 35
593 294 20
559 280 20
593 294 20
584 241 35
584 238 35
559 280 20
450 330 20
463 345 20
461 345 20
450 330 20
557 277 20
593 294 20
557 277 20
584 238 35
589 294 20
557 277 20
584 235 35
557 277 20
453 333 20
461 345 20
459 345 20
453 333 20
555 274 20
589 294 20
555 274 20
584 235 35
585 294 20
555 274 20
584 232 35
555 274 20
453 333 20
459 345 20
459 345 20
453 333 20
555 274 20
585 294 20
555 274 20
584 232 35
585 294 20
555 274 20
584 232 35
555 274 20
453 333 20
459 345 20
459 345 20
453 333 20
555 274 20
585 294 20
555 274 20
584 232 35
585 294 20
555 274 20
584 232 35
555 274 20
453 333 20
459 345 20
459 345 20
453 333 20
555 274 20
585 294 20
555 274 20
584 232 35
585 294 20
555 274 20
584 232 35
555 274 20
453 333 20
459 345 20
459 345 20
453 333 20
555 274 20
585 294 20
555 274 20
584 232 35
585 294 20
555 274 20
584 232 35
555 274 20
453 333 20
459 345 20
459 345 20
453 333 20
555 274 20
585 294 20
555 274 20
584 232 35
585 294 20
555 274 20
584 232 35
555 274 20
453 333 20
459 345 20
459 345 20
453 333 20
555 274 20
585 294 20
555 274 20
584 232 35
585 294 20
555 274 20
584 232 35
555 274 20
453 333 20
459 345 20
459 345 20
453 333 20
555 274 20
585 294 20
555 274 20
584 232 35
585 294 20
555 274 20
584 232 35
555 274 20
453 333 20
459 345 20
459 345 20
453 333 20
555 274 20
585 294 20
555 274 20
584 232 35
585 294 20
555 274 20
584 232 35
555 274 20
453 333 20
459 345 20
459 345 20
453 333 20
555 274 20
585 294 20
555 274 20
584 232 35
585 294 20
555 274 20
584 232 35
555 274 20
453 333 20
459 345 20
459 345 20
453 333 20
555 274 20
585 294 20
555 274 20
584 232 35
585 294 20
555 274 20
584 232 35
555 274 20
453 333 20
459 345 20
459 345 20
453 333 20
555 274 20
585 294 20
555 274 20
584 232 35
585 294 20
555 274 20
584 232 35
555 274 20
453 333 20
459 345 20
459 345 20
453 333 20
555 274 20
585 294 20
555 274 20
584 232 35
585 294 20
555 274 20
584 232 35
555 274 20
453 333 20
459 345 20
459 345 20
453 333 20
555 274 20
585 294 20
555 274 20
584 232 35
585 294 20
555 274 20
584 232 35
555 274 20
453 333 20
459 345 20
459 345 20
453 333 20
555 274 20
585 294 20
555 274 20
584 232 35
585 294 20
555 274 20
584 232 35
555 274 20
453 333 20
459 345 20
459 345 20
453 333 20
555 274 20
585 294 20
555 274 20
584 232 35
585 294 20
555 274 20
584 232 35
555 274 20
453 333 20
459 345 20
459 345 20
453 333 20
555 274 20
585 294 20
555 274 20
584 232 35
585 294 20
555 274 20
584 232 35
555 274 20
